Position,Const,Created,Modified,Description,Title,Original Title,URL,Title Type,IMDb Rating,Runtime (mins),Year,Genres,Num Votes,Release Date,Directors,Your Rating,Date Rated
1,tt0480249,2016-02-21,2016-02-21,,"Soy leyenda","I Am Legend",https://www.imdb.com/title/tt0480249/,Película,7.2,101,2007,"Drama, Terror, Ciencia ficción, Suspense",868007,2007-12-19,"Francis Lawrence",9,2016-02-22
2,tt0479884,2016-02-21,2016-02-21,,"Crank: Veneno en la sangre","Crank",https://www.imdb.com/title/tt0479884/,Película,6.9,88,2006,"Acción, Crimen, Suspense",275635,2006-10-11,"Mark Neveldine, Brian Taylor",8,2014-11-30
3,tt0133093,2016-02-21,2016-02-21,,"Matrix","The Matrix",https://www.imdb.com/title/tt0133093/,Película,8.7,136,1999,"Acción, Ciencia ficción",2221286,1999-06-23,"Lana Wachowski, Lilly Wachowski",9,2016-02-22
4,tt0234215,2016-02-21,2016-02-21,,"Matrix Reloaded","The Matrix Reloaded",https://www.imdb.com/title/tt0234215/,Película,7.2,138,2003,"Acción, Ciencia ficción",665033,2003-05-23,"Lana Wachowski, Lilly Wachowski",7,2016-02-22
5,tt0242653,2016-02-21,2016-02-21,,"Matrix Revolutions","The Matrix Revolutions",https://www.imdb.com/title/tt0242653/,Película,6.7,129,2003,"Acción, Ciencia ficción",571208,2003-11-05,"Lana Wachowski, Lilly Wachowski",6,2016-02-22
6,tt0936501,2016-02-21,2016-02-21,,"Venganza","Taken",https://www.imdb.com/title/tt0936501/,Película,7.7,90,2008,"Acción, Crimen, Suspense",666997,2008-08-08,"Pierre Morel",8,2016-02-22
7,tt1397280,2016-02-21,2016-02-21,,"Venganza: Conexión Estambul","Taken 2",https://www.imdb.com/title/tt1397280/,Película,6.2,92,2012,"Acción, Crimen, Suspense",335187,2012-10-05,"Olivier Megaton",6,2014-04-29
8,tt2446042,2016-02-21,2016-02-21,,"V3nganza","Taken 3",https://www.imdb.com/title/tt2446042/,Película,6.0,108,2014,"Acción, Crimen, Suspense",213665,2015-01-16,"Olivier Megaton",7,2015-12-17
9,tt1320253,2016-02-21,2016-02-21,,"Los mercenarios","The Expendables",https://www.imdb.com/title/tt1320253/,Película,6.4,103,2010,"Acción, Aventura, Suspense",378214,2010-08-13,"Sylvester Stallone",8,2016-02-22
10,tt1764651,2016-02-21,2016-02-21,,"Los mercenarios 2","The Expendables 2",https://www.imdb.com/title/tt1764651/,Película,6.6,103,2012,"Acción, Aventura, Suspense",332879,2012-08-24,"Simon West",8,2016-02-22
11,tt0110912,2016-02-21,2016-02-21,,"Pulp Fiction","Pulp Fiction",https://www.imdb.com/title/tt0110912/,Película,8.8,154,1994,"Crimen, Drama",2406007,1995-01-13,"Quentin Tarantino",9,2013-01-09
12,tt1205489,2016-02-21,2016-02-21,,"Gran Torino","Gran Torino",https://www.imdb.com/title/tt1205489/,Película,8.1,116,2008,"Drama",855553,2009-03-06,"Clint Eastwood",9,2016-02-24
13,tt0373469,2016-02-21,2016-02-21,,"Kiss Kiss, Bang Bang","Kiss Kiss Bang Bang",https://www.imdb.com/title/tt0373469/,Película,7.4,103,2005,"Comedia, Crimen, Misterio, Suspense",248109,2005-11-11,"Shane Black",8,2012-05-19
14,tt1032755,2016-02-21,2016-02-21,,"RocknRolla","RocknRolla",https://www.imdb.com/title/tt1032755/,Película,7.2,114,2008,"Acción, Crimen, Suspense",274000,2009-01-01,"Guy Ritchie",6,2016-02-22
15,tt0112573,2016-02-21,2016-02-21,,"Braveheart","Braveheart",https://www.imdb.com/title/tt0112573/,Película,8.3,178,1995,"Biografía, Drama, Bélico",1151985,1995-09-29,"Mel Gibson",7,2015-01-10
16,tt1236472,2016-02-21,2016-02-21,,"Lemmy","Lemmy",https://www.imdb.com/title/tt1236472/,Película,7.8,116,2010,"Documental, Biografía, Música",8921,2010-12-07,"Greg Olliver, Wes Orshoski",8,2025-11-12
17,tt0139654,2016-02-21,2016-02-21,,"Training Day (Día de entrenamiento)","Training Day",https://www.imdb.com/title/tt0139654/,Película,7.8,122,2001,"Crimen, Drama, Suspense",510829,2001-11-09,"Antoine Fuqua",10,2024-09-13
18,tt0118971,2016-02-21,2016-02-21,,"Pactar con el diablo","The Devil's Advocate",https://www.imdb.com/title/tt0118971/,Película,7.5,144,1997,"Drama, Fantasía, Misterio, Suspense",438507,1998-01-12,"Taylor Hackford",8,2012-07-17
19,tt0477080,2016-02-21,2016-02-21,,"Imparable","Unstoppable",https://www.imdb.com/title/tt0477080/,Película,6.8,98,2010,"Acción, Suspense",217587,2010-11-12,"Tony Scott",7,2013-10-05
20,tt0328107,2016-02-21,2016-02-21,,"El fuego de la venganza","Man on Fire",https://www.imdb.com/title/tt0328107/,Película,7.7,146,2004,"Acción, Crimen, Drama, Suspense",414772,2004-10-08,"Tony Scott",7,2013-10-26
21,tt1535109,2016-02-21,2016-02-21,,"Capitán Phillips","Captain Phillips",https://www.imdb.com/title/tt1535109/,Película,7.8,134,2013,"Acción, Biografía, Crimen, Drama, Suspense",515945,2013-10-18,"Paul Greengrass",8,2014-03-17
22,tt0087363,2016-02-21,2016-02-21,,"Gremlins","Gremlins",https://www.imdb.com/title/tt0087363/,Película,7.3,106,1984,"Comedia, Fantasía, Terror",271914,1984-08-28,"Joe Dante",7,2018-12-12
23,tt0099700,2016-02-21,2016-02-21,,"Gremlins 2: La nueva generación","Gremlins 2: The New Batch",https://www.imdb.com/title/tt0099700/,Película,6.5,106,1990,"Comedia, Fantasía, Terror",119772,1990-07-27,"Joe Dante",8,2018-12-12
24,tt1197624,2016-02-21,2016-02-21,,"Un ciudadano ejemplar","Law Abiding Citizen",https://www.imdb.com/title/tt1197624/,Película,7.4,109,2009,"Acción, Crimen, Drama, Suspense",342153,2010-05-07,"F. Gary Gray",7,2016-02-22
25,tt1401152,2016-02-21,2016-02-21,,"Sin identidad","Unknown",https://www.imdb.com/title/tt1401152/,Película,6.8,113,2011,"Acción, Misterio, Suspense",275692,2011-05-13,"Jaume Collet-Serra",7,2016-02-22
26,tt1980209,2016-02-21,2016-02-21,,"Dolor y dinero","Pain & Gain",https://www.imdb.com/title/tt1980209/,Película,6.4,129,2013,"Acción, Biografía, Comedia, Crimen, Drama, Misterio",239951,2013-08-30,"Michael Bay",8,2013-10-29
27,tt0086250,2016-02-21,2016-02-21,,"El precio del poder","Scarface",https://www.imdb.com/title/tt0086250/,Película,8.3,170,1983,"Crimen, Drama",1001700,1984-03-12,"Brian De Palma",8,2013-08-05
28,tt0078748,2016-02-21,2016-02-21,,"Alien, el octavo pasajero","Alien",https://www.imdb.com/title/tt0078748/,Película,8.5,117,1979,"Terror, Ciencia ficción",1052098,1979-09-25,"Ridley Scott",8,2012-04-18
29,tt0090605,2016-02-21,2016-02-21,,"Aliens: El regreso","Aliens",https://www.imdb.com/title/tt0090605/,Película,8.4,137,1986,"Acción, Aventura, Terror, Ciencia ficción, Suspense",833412,1986-10-29,"James Cameron",7,2012-04-19
30,tt0103644,2016-02-21,2016-02-21,,"Alien³","Alien³",https://www.imdb.com/title/tt0103644/,Película,6.4,114,1992,"Acción, Terror, Ciencia ficción",349503,1992-09-11,"David Fincher",6,2016-02-22
31,tt0118583,2016-02-21,2016-02-21,,"Alien Resurrección","Alien: Resurrection",https://www.imdb.com/title/tt0118583/,Película,6.2,109,1997,"Acción, Terror, Ciencia ficción",289746,1997-11-28,"Jean-Pierre Jeunet",6,2016-02-22
32,tt1446714,2016-02-21,2016-02-21,,"Prometheus","Prometheus",https://www.imdb.com/title/tt1446714/,Película,7.0,124,2012,"Aventura, Ciencia ficción",691304,2012-08-03,"Ridley Scott",7,2016-02-22
33,tt0319262,2016-02-21,2016-02-21,,"El día de mañana","The Day After Tomorrow",https://www.imdb.com/title/tt0319262/,Película,6.5,124,2004,"Acción, Aventura, Ciencia ficción, Suspense",507253,2004-05-28,"Roland Emmerich",6,2014-08-27
34,tt0116629,2016-02-21,2016-02-21,,"Independence Day","Independence Day",https://www.imdb.com/title/tt0116629/,Película,7.0,145,1996,"Acción, Aventura, Ciencia ficción",641034,1996-09-06,"Roland Emmerich",8,2014-08-27
35,tt1706593,2016-02-21,2016-02-21,,"Chronicle","Chronicle",https://www.imdb.com/title/tt1706593/,Película,7.0,89,2012,"Aventura, Drama, Ciencia ficción, Suspense",275574,2012-03-02,"Josh Trank",6,2014-08-24
36,tt1616195,2016-02-21,2016-02-21,,"J. Edgar","J. Edgar",https://www.imdb.com/title/tt1616195/,Película,6.5,137,2011,"Biografía, Drama, Romance",137558,2012-01-27,"Clint Eastwood",6,2015-01-06
37,tt1375666,2016-02-21,2016-02-21,,"Origen","Inception",https://www.imdb.com/title/tt1375666/,Película,8.8,148,2010,"Acción, Aventura, Ciencia ficción, Suspense",2777490,2010-08-06,"Christopher Nolan",9,2021-10-02
38,tt0450259,2016-02-21,2016-02-21,,"Diamante de sangre","Blood Diamond",https://www.imdb.com/title/tt0450259/,Película,8.0,143,2006,"Aventura, Drama, Suspense",620545,2007-02-09,"Edward Zwick",5,2016-02-22
39,tt0407887,2016-02-21,2016-02-21,,"Infiltrados","The Departed",https://www.imdb.com/title/tt0407887/,Película,8.5,151,2006,"Crimen, Drama, Suspense",1536048,2006-10-27,"Martin Scorsese",7,2015-01-03
40,tt0405159,2016-02-21,2016-02-21,,"Million Dollar Baby","Million Dollar Baby",https://www.imdb.com/title/tt0405159/,Película,8.1,132,2004,"Drama, Deporte",760365,2005-02-04,"Clint Eastwood",9,2013-12-30
41,tt1409024,2016-02-21,2016-02-21,,"Men in Black 3","Men in Black³",https://www.imdb.com/title/tt1409024/,Película,6.8,106,2012,"Acción, Aventura, Comedia, Ciencia ficción",408590,2012-05-25,"Barry Sonnenfeld",7,2016-02-22
42,tt2179136,2016-02-21,2016-02-21,,"El francotirador","American Sniper",https://www.imdb.com/title/tt2179136/,Película,7.3,133,2014,"Acción, Biografía, Drama, Bélico",563944,2015-02-20,"Clint Eastwood",8,2015-05-18
43,tt2172935,2016-02-21,2016-02-21,,"Metallica Through the Never","Metallica Through the Never",https://www.imdb.com/title/tt2172935/,Película,7.1,93,2013,"Música",18667,2013-10-11,"Nimród Antal",9,2013-10-11
44,tt2576014,2016-02-21,2016-02-21,,"Metallica: Quebec Magnetic","Metallica: Quebec Magnetic",https://www.imdb.com/title/tt2576014/,Vídeo,8.4,177,2012,"Música",732,2012-12-10,"Wayne Isham",8,2016-02-22
45,tt1542344,2016-02-21,2016-02-21,,"127 horas","127 Hours",https://www.imdb.com/title/tt1542344/,Película,7.5,94,2010,"Biografía, Drama",421583,2011-02-04,"Danny Boyle",8,2013-10-19
46,tt0137523,2016-02-21,2016-02-21,,"El club de la lucha","Fight Club",https://www.imdb.com/title/tt0137523/,Película,8.8,139,1999,"Crimen, Drama, Suspense",2563964,1999-11-05,"David Fincher",9,2016-02-22
47,tt0120660,2016-02-21,2016-02-21,,"Enemigo público","Enemy of the State",https://www.imdb.com/title/tt0120660/,Película,7.3,132,1998,"Acción, Suspense",272814,1999-01-08,"Tony Scott",9,2013-05-11
48,tt0758774,2016-02-21,2016-02-21,,"Red de mentiras","Body of Lies",https://www.imdb.com/title/tt0758774/,Película,7.0,128,2008,"Acción, Drama, Suspense",249047,2008-11-07,"Ridley Scott",7,2014-09-13
49,tt0371724,2016-02-21,2016-02-21,,"Guía del autoestopista galáctico","The Hitchhiker's Guide to the Galaxy",https://www.imdb.com/title/tt0371724/,Película,6.7,109,2005,"Aventura, Comedia, Ciencia ficción",215954,2005-09-02,"Garth Jennings",8,2016-02-22
50,tt2306299,2016-02-21,2016-02-21,,"Vikingos","Vikings",https://www.imdb.com/title/tt2306299/,Serie de TV,8.5,45,2013,"Acción, Aventura, Drama, Historia, Romance, Bélico",633764,2013-03-03,,9,2016-02-24
51,tt0416449,2016-02-27,2016-02-27,,"300","300",https://www.imdb.com/title/tt0416449/,Película,7.6,117,2006,"Acción, Drama",905945,2007-03-23,"Zack Snyder",8,2020-06-13
52,tt1253863,2016-02-27,2016-02-27,,"300: El origen de un imperio","300: Rise of an Empire",https://www.imdb.com/title/tt1253863/,Película,6.2,102,2014,"Acción, Drama, Fantasía",327386,2014-03-07,"Noam Murro",6,2016-08-23
53,tt0499549,2016-04-17,2016-04-17,,"Avatar","Avatar",https://www.imdb.com/title/tt0499549/,Película,7.9,162,2009,"Acción, Aventura, Fantasía, Ciencia ficción",1480137,2009-12-18,"James Cameron",8,2016-08-23
54,tt0903747,2016-04-17,2016-04-17,,"Breaking Bad","Breaking Bad",https://www.imdb.com/title/tt0903747/,Serie de TV,9.5,48,2008,"Crimen, Drama, Suspense",2467851,2009-03-11,,10,2020-06-13
55,tt1272878,2016-05-01,2016-05-01,,"2 Guns","2 Guns",https://www.imdb.com/title/tt1272878/,Película,6.7,109,2013,"Acción, Comedia, Crimen, Suspense",236006,2013-09-27,"Baltasar Kormákur",8,2013-11-09
56,tt0455944,2016-05-01,2016-05-01,,"The Equalizer. El protector","The Equalizer",https://www.imdb.com/title/tt0455944/,Película,7.3,132,2014,"Acción, Crimen, Suspense",460142,2014-10-17,"Antoine Fuqua",8,2020-05-23
57,tt0454848,2016-06-08,2016-06-08,,"Plan oculto","Inside Man",https://www.imdb.com/title/tt0454848/,Película,7.6,129,2006,"Crimen, Drama, Misterio, Suspense",421542,2006-04-12,"Spike Lee",8,2013-08-19
58,tt1656190,2016-06-08,2016-06-08,,"Safe","Safe",https://www.imdb.com/title/tt1656190/,Película,6.5,94,2012,"Acción, Crimen, Suspense",123845,2012-05-04,"Boaz Yakin",7,2016-08-04
59,tt0472399,2016-06-08,2016-06-08,,"The Mechanic","The Mechanic",https://www.imdb.com/title/tt0472399/,Película,6.5,93,2011,"Acción, Crimen, Suspense",181603,2011-02-25,"Simon West",7,2016-06-05
60,tt1156398,2016-06-08,2016-06-08,,"Bienvenidos a Zombieland","Zombieland",https://www.imdb.com/title/tt1156398/,Película,7.5,88,2009,"Acción, Comedia, Terror",660979,2009-11-27,"Ruben Fleischer",8,2013-04-25
61,tt0446029,2016-07-16,2016-07-16,,"Scott Pilgrim contra el mundo","Scott Pilgrim vs. the World",https://www.imdb.com/title/tt0446029/,Película,7.5,112,2010,"Acción, Comedia, Fantasía, Romance",492201,2010-11-12,"Edgar Wright",8,2016-08-04
62,tt1411250,2016-08-04,2016-08-04,,"Riddick","Riddick",https://www.imdb.com/title/tt1411250/,Película,6.4,119,2013,"Acción, Aventura, Ciencia ficción, Suspense",185241,2013-09-06,"David Twohy",8,2013-12-23
63,tt1904996,2016-08-04,2016-08-04,,"Parker","Parker",https://www.imdb.com/title/tt1904996/,Película,6.2,118,2013,"Acción, Crimen, Suspense",135118,2013-03-08,"Taylor Hackford",7,2013-05-13
64,tt1091191,2016-08-04,2016-08-04,,"El único superviviente","Lone Survivor",https://www.imdb.com/title/tt1091191/,Película,7.5,121,2013,"Acción, Biografía, Drama, Bélico",321449,2014-01-01,"Peter Berg",7,2014-03-27
65,tt0068646,2016-08-06,2016-08-06,,"El padrino","The Godfather",https://www.imdb.com/title/tt0068646/,Película,9.2,175,1972,"Crimen, Drama",2196781,1972-10-20,"Francis Ford Coppola",9,2016-08-23
66,tt0434409,2016-08-23,2016-08-23,,"V de vendetta","V for Vendetta",https://www.imdb.com/title/tt0434409/,Película,8.1,132,2005,"Acción, Drama, Ciencia ficción, Suspense",1237324,2006-04-07,"James McTeigue",8,2013-01-09
67,tt1063669,2016-08-23,2016-08-23,,"La ola","Die Welle",https://www.imdb.com/title/tt1063669/,Película,7.6,107,2008,"Drama, Suspense",120769,2008-11-28,"Dennis Gansel",9,2016-08-19
68,tt0325980,2016-12-02,2016-12-02,,"Piratas del Caribe: La maldición de la Perla Negra","Pirates of the Caribbean: The Curse of the Black Pearl",https://www.imdb.com/title/tt0325980/,Película,8.1,143,2003,"Acción, Aventura, Fantasía",1306948,2003-08-14,"Gore Verbinski",7,2017-01-19
69,tt1298650,2016-12-02,2016-12-02,,"Piratas del Caribe: En mareas misteriosas","Pirates of the Caribbean: On Stranger Tides",https://www.imdb.com/title/tt1298650/,Película,6.6,137,2011,"Acción, Aventura, Fantasía",601231,2011-05-20,"Rob Marshall",7,2017-01-20
70,tt0383574,2016-12-02,2016-12-02,,"Piratas del Caribe: El cofre del hombre muerto","Pirates of the Caribbean: Dead Man's Chest",https://www.imdb.com/title/tt0383574/,Película,7.4,151,2006,"Acción, Aventura, Fantasía",817351,2006-08-11,"Gore Verbinski",7,2017-01-19
71,tt0449088,2016-12-02,2016-12-02,,"Piratas del Caribe: En el fin del mundo","Pirates of the Caribbean: At World's End",https://www.imdb.com/title/tt0449088/,Película,7.1,169,2007,"Acción, Aventura, Fantasía",736620,2007-05-24,"Gore Verbinski",6,2017-01-19
72,tt1712261,2016-12-02,2016-12-02,,"Triple 9","Triple 9",https://www.imdb.com/title/tt1712261/,Película,6.3,115,2016,"Acción, Crimen, Drama, Suspense",81044,2016-05-06,"John Hillcoat",8,2016-05-23
73,tt0134847,2016-12-02,2016-12-02,,"Pitch Black","Pitch Black",https://www.imdb.com/title/tt0134847/,Película,7.0,109,2000,"Terror, Ciencia ficción, Suspense",262431,2000-05-05,"David Twohy",8,2021-03-19
74,tt0293662,2016-12-02,2016-12-02,,"Transporter","The Transporter",https://www.imdb.com/title/tt0293662/,Película,6.8,92,2002,"Acción, Crimen, Suspense",336026,2003-01-17,"Louis Leterrier, Corey Yuen",7,2012-04-19
75,tt0388482,2016-12-02,2016-12-02,,"Transporter 2","Transporter 2",https://www.imdb.com/title/tt0388482/,Película,6.3,87,2005,"Acción, Suspense",224653,2005-10-14,"Louis Leterrier",6,2017-01-09
76,tt0486946,2017-01-04,2017-01-04,,"Cerdos salvajes: Con un par... de ruedas","Wild Hogs",https://www.imdb.com/title/tt0486946/,Película,5.9,100,2007,"Acción, Aventura, Comedia",127189,2007-04-13,"Walt Becker",6,2017-01-19
77,tt0200550,2017-01-04,2017-01-04,,"El bar Coyote","Coyote Ugly",https://www.imdb.com/title/tt0200550/,Película,5.8,100,2000,"Comedia, Drama, Música, Romance",127551,2000-09-15,"David McNally",5,2017-01-09
78,tt0292506,2017-01-04,2017-01-04,,"La prueba","The Recruit",https://www.imdb.com/title/tt0292506/,Película,6.6,115,2003,"Acción, Suspense",146731,2003-03-21,"Roger Donaldson",7,2017-01-09
79,tt0322259,2017-01-15,2017-01-15,,"2 Fast 2 Furious: A todo gas 2","2 Fast 2 Furious",https://www.imdb.com/title/tt0322259/,Película,6.0,107,2003,"Acción, Crimen, Suspense",319893,2003-06-20,"John Singleton",7,2017-01-19
80,tt0232500,2017-01-19,2017-01-19,,"The Fast and the Furious (A todo gas)","The Fast and the Furious",https://www.imdb.com/title/tt0232500/,Película,6.8,106,2001,"Acción, Crimen, Suspense",451631,2001-10-05,"Rob Cohen",8,2013-02-17
81,tt0463985,2017-01-19,2017-01-19,,"A todo gas: Tokyo Race","The Fast and the Furious: Tokyo Drift",https://www.imdb.com/title/tt0463985/,Película,6.1,104,2006,"Acción, Crimen, Suspense",326918,2006-07-21,"Justin Lin",7,2017-01-22
82,tt1013752,2017-01-19,2017-01-19,,"Fast & Furious: Aún más rápido","Fast & Furious",https://www.imdb.com/title/tt1013752/,Película,6.5,107,2009,"Acción, Suspense",331972,2009-04-03,"Justin Lin",8,2014-01-03
83,tt1596343,2017-01-19,2017-01-19,,"Fast & Furious 5","Fast Five",https://www.imdb.com/title/tt1596343/,Película,7.3,130,2011,"Acción, Crimen, Suspense",429645,2011-04-29,"Justin Lin",7,2013-08-06
84,tt1905041,2017-01-19,2017-01-19,,"Fast & Furious 6","Furious 6",https://www.imdb.com/title/tt1905041/,Película,7.0,130,2013,"Acción, Suspense",436684,2013-05-24,"Justin Lin",8,2013-08-03
85,tt2820852,2017-01-19,2017-01-19,,"Fast & Furious 7","Fast & Furious 7",https://www.imdb.com/title/tt2820852/,Película,7.1,137,2015,"Acción, Suspense",435990,2015-04-02,"James Wan",7,2017-03-29
86,tt2582802,2017-02-23,2017-02-23,,"Whiplash","Whiplash",https://www.imdb.com/title/tt2582802/,Película,8.5,106,2014,"Drama, Música",1131543,2015-01-16,"Damien Chazelle",8,2017-03-29
87,tt0993846,2017-02-23,2017-02-23,,"El lobo de Wall Street","The Wolf of Wall Street",https://www.imdb.com/title/tt0993846/,Película,8.2,180,2013,"Biografía, Comedia, Crimen, Drama",1755527,2014-01-17,"Martin Scorsese",8,2017-03-29
88,tt0295701,2017-02-23,2017-02-23,,"xXx","xXx",https://www.imdb.com/title/tt0295701/,Película,5.9,124,2002,"Acción, Aventura, Drama, Suspense",192715,2002-10-18,"Rob Cohen",7,2017-03-29
89,tt1242422,2017-03-19,2017-03-19,,"Celda 211","Celda 211",https://www.imdb.com/title/tt1242422/,Película,7.6,113,2009,"Acción, Crimen, Drama, Suspense",73482,2009-11-06,"Daniel Monzón",8,2017-03-21
90,tt1837703,2017-03-19,2017-03-19,,"El quinto poder","The Fifth Estate",https://www.imdb.com/title/tt1837703/,Película,6.2,128,2013,"Biografía, Crimen, Drama, Suspense",43909,2013-10-18,"Bill Condon",7,2017-05-01
91,tt0240772,2017-04-05,2017-04-05,,"Ocean's Eleven: Hagan juego","Ocean's Eleven",https://www.imdb.com/title/tt0240772/,Película,7.7,116,2001,"Crimen, Suspense",666174,2002-01-18,"Steven Soderbergh",8,2013-08-05
92,tt0349903,2017-04-05,2017-04-05,,"Ocean's Twelve. Uno más entra en juego","Ocean's Twelve",https://www.imdb.com/title/tt0349903/,Película,6.5,125,2004,"Crimen, Suspense",435263,2004-12-17,"Steven Soderbergh",5,2017-04-05
93,tt0496806,2017-04-05,2017-04-05,,"Ocean's 13","Ocean's Thirteen",https://www.imdb.com/title/tt0496806/,Película,6.9,122,2007,"Crimen, Suspense",384494,2007-06-08,"Steven Soderbergh",7,2017-05-01
94,tt0472043,2017-04-07,2017-04-07,,"Apocalypto","Apocalypto",https://www.imdb.com/title/tt0472043/,Película,7.8,139,2006,"Acción, Aventura, Drama, Suspense",353686,2007-01-19,"Mel Gibson",9,2017-04-06
95,tt0296572,2017-04-23,2017-04-23,,"Las crónicas de Riddick","The Chronicles of Riddick",https://www.imdb.com/title/tt0296572/,Película,6.6,119,2004,"Acción, Aventura, Ciencia ficción, Suspense",250366,2004-08-27,"David Twohy",8,2013-12-29
96,tt0816692,2017-04-29,2017-04-29,,"Interstellar","Interstellar",https://www.imdb.com/title/tt0816692/,Película,8.7,169,2014,"Aventura, Drama, Ciencia ficción",2466333,2014-11-07,"Christopher Nolan",9,2025-08-23
97,tt0361748,2017-04-29,2017-04-29,,"Malditos bastardos","Inglourious Basterds",https://www.imdb.com/title/tt0361748/,Película,8.4,153,2009,"Aventura, Drama, Bélico",1753242,2009-09-18,"Quentin Tarantino",8,2017-05-11
98,tt1398426,2017-05-23,2017-05-23,,"Straight Outta Compton","Straight Outta Compton",https://www.imdb.com/title/tt1398426/,Película,7.8,147,2015,"Biografía, Drama, Historia, Música, Musical",232211,2015-11-13,"F. Gary Gray",8,2017-03-21
99,tt1136608,2017-05-30,2017-05-30,,"Distrito 9","District 9",https://www.imdb.com/title/tt1136608/,Película,7.9,112,2009,"Acción, Ciencia ficción, Suspense",747424,2009-09-11,"Neill Blomkamp",8,2017-06-01
100,tt0365748,2017-05-30,2017-05-30,,"Zombies Party (Una noche... de muerte)","Shaun of the Dead",https://www.imdb.com/title/tt0365748/,Película,7.8,99,2004,"Comedia, Terror",634031,2004-10-29,"Edgar Wright",8,2017-06-01
101,tt0116996,2017-09-03,2017-09-03,,"Mars Attacks!","Mars Attacks!",https://www.imdb.com/title/tt0116996/,Película,6.4,106,1996,"Comedia, Ciencia ficción",256733,1997-02-26,"Tim Burton",7,2017-09-03
102,tt2267998,2017-11-23,2017-11-23,,"Perdida","Gone Girl",https://www.imdb.com/title/tt2267998/,Película,8.1,149,2014,"Drama, Misterio, Suspense",1154751,2014-10-10,"David Fincher",7,2015-01-03
103,tt0454921,2017-12-11,2017-12-11,,"En busca de la felicidad","The Pursuit of Happyness",https://www.imdb.com/title/tt0454921/,Película,8.0,117,2006,"Biografía, Drama",611895,2007-02-02,"Gabriele Muccino",10,2020-06-13
104,tt3659388,2018-01-27,2018-01-27,,"Marte (The Martian)","The Martian",https://www.imdb.com/title/tt3659388/,Película,8.0,144,2015,"Aventura, Drama, Ciencia ficción",995005,2015-10-16,"Ridley Scott",7,2016-01-13
105,tt0765429,2018-03-02,2018-03-02,,"American Gangster","American Gangster",https://www.imdb.com/title/tt0765429/,Película,7.8,157,2007,"Biografía, Crimen, Drama",481386,2007-12-28,"Ridley Scott",8,2018-03-03
106,tt0109830,2018-05-04,2018-05-04,,"Forrest Gump","Forrest Gump",https://www.imdb.com/title/tt0109830/,Película,8.8,142,1994,"Drama, Romance",2462476,1994-09-23,"Robert Zemeckis",9,2014-06-01
107,tt0107290,2018-05-29,2018-05-29,,"Jurassic Park (Parque Jurásico)","Jurassic Park",https://www.imdb.com/title/tt0107290/,Película,8.2,127,1993,"Acción, Aventura, Ciencia ficción, Suspense",1161675,1993-09-30,"Steven Spielberg",9,2017-08-12
108,tt0119567,2018-05-29,2018-05-29,,"El mundo perdido: Jurassic Park","The Lost World: Jurassic Park",https://www.imdb.com/title/tt0119567/,Película,6.6,129,1997,"Acción, Aventura, Ciencia ficción",473355,1997-08-22,"Steven Spielberg",8,2018-06-07
109,tt0163025,2018-05-29,2018-05-29,,"Jurassic Park III (Parque Jurásico III)","Jurassic Park III",https://www.imdb.com/title/tt0163025/,Película,6.0,92,2001,"Acción, Aventura, Ciencia ficción, Suspense",366095,2001-07-27,"Joe Johnston",6,2018-06-11
110,tt0369610,2018-05-29,2018-05-29,,"Jurassic World","Jurassic World",https://www.imdb.com/title/tt0369610/,Película,6.9,124,2015,"Acción, Aventura, Ciencia ficción",722004,2015-06-12,"Colin Trevorrow",6,2015-10-15
111,tt1129442,2018-06-09,2018-06-09,,"Transporter 3","Transporter 3",https://www.imdb.com/title/tt1129442/,Película,6.1,104,2008,"Acción, Suspense",184462,2009-01-23,"Olivier Megaton",7,2018-06-09
112,tt2316204,2018-07-06,2018-07-06,,"Alien: Covenant","Alien: Covenant",https://www.imdb.com/title/tt2316204/,Película,6.4,122,2017,"Terror, Ciencia ficción, Suspense",341227,2017-05-12,"Ridley Scott",7,2018-07-06
113,tt0327056,2018-09-04,2018-09-04,,"Mystic River","Mystic River",https://www.imdb.com/title/tt0327056/,Película,7.9,138,2003,"Crimen, Drama, Misterio, Suspense",517151,2003-10-24,"Clint Eastwood",8,2019-03-24
114,tt0498380,2018-09-04,2018-09-04,,"Cartas desde Iwo Jima","Letters from Iwo Jima",https://www.imdb.com/title/tt0498380/,Película,7.8,141,2006,"Acción, Aventura, Drama, Historia, Bélico",176123,2007-02-16,"Clint Eastwood",8,2022-02-18
115,tt0418689,2018-09-04,2018-09-04,,"Banderas de nuestros padres","Flags of Our Fathers",https://www.imdb.com/title/tt0418689/,Película,7.1,135,2006,"Acción, Aventura, Drama, Historia, Bélico",133654,2007-01-03,"Clint Eastwood",7,2018-09-25
116,tt0105695,2018-09-04,2018-09-04,,"Sin perdón","Unforgiven",https://www.imdb.com/title/tt0105695/,Película,8.2,130,1992,"Drama, Del oeste",464685,1992-09-25,"Clint Eastwood",7,2018-09-26
117,tt0112579,2018-09-04,2018-09-04,,"Los puentes de Madison","The Bridges of Madison County",https://www.imdb.com/title/tt0112579/,Película,7.6,135,1995,"Drama, Romance",95565,1995-10-11,"Clint Eastwood",8,2020-03-19
118,tt1057500,2018-09-04,2018-09-04,,"Invictus","Invictus",https://www.imdb.com/title/tt1057500/,Película,7.3,134,2009,"Biografía, Drama, Historia, Deporte",173339,2010-01-29,"Clint Eastwood",7,2019-03-31
119,tt0113497,2018-09-15,2018-09-15,,"Jumanji","Jumanji",https://www.imdb.com/title/tt0113497/,Película,7.1,104,1995,"Aventura, Comedia, Familiar, Fantasía",407935,1996-02-12,"Joe Johnston",8,2019-10-08
120,tt0370263,2018-09-20,2018-09-20,,"Alien vs. Predator","AVP: Alien vs. Predator",https://www.imdb.com/title/tt0370263/,Película,5.7,101,2004,"Acción, Aventura, Terror, Ciencia ficción, Suspense",230624,2004-11-19,"Paul W.S. Anderson",7,2018-09-22
121,tt0095016,2018-09-20,2018-09-20,,"Jungla de cristal","Die Hard",https://www.imdb.com/title/tt0095016/,Película,8.2,132,1988,"Acción, Suspense",1020791,1988-09-30,"John McTiernan",8,2012-04-16
122,tt1285016,2018-09-25,2018-09-25,,"La red social","The Social Network",https://www.imdb.com/title/tt1285016/,Película,7.8,120,2010,"Biografía, Drama",811003,2010-10-15,"David Fincher",7,2017-05-01
123,tt0343818,2018-11-22,2018-11-22,,"Yo, robot","I, Robot",https://www.imdb.com/title/tt0343818/,Película,7.1,115,2004,"Acción, Misterio, Ciencia ficción, Suspense",609474,2004-07-30,"Alex Proyas",8,2017-04-10
124,tt1454468,2018-11-22,2018-11-22,,"Gravity","Gravity",https://www.imdb.com/title/tt1454468/,Película,7.7,91,2013,"Drama, Ciencia ficción, Suspense",894177,2013-10-04,"Alfonso Cuarón",7,2014-02-18
125,tt0112442,2018-11-22,2018-11-22,,"Dos policías rebeldes (Bad Boys)","Bad Boys",https://www.imdb.com/title/tt0112442/,Película,6.8,119,1995,"Acción, Comedia, Crimen, Suspense",312514,1995-08-09,"Michael Bay",7,2012-04-26
126,tt0172156,2018-11-22,2018-11-22,,"Dos policías rebeldes II","Bad Boys II",https://www.imdb.com/title/tt0172156/,Película,6.6,147,2003,"Acción, Comedia, Crimen, Suspense",286161,2003-10-03,"Michael Bay",7,2017-04-10
127,tt1259528,2018-12-08,2018-12-08,,"Juego de ladrones: El atraco perfecto","Den of Thieves",https://www.imdb.com/title/tt1259528/,Película,7.0,140,2018,"Acción, Crimen, Drama, Suspense",151416,2018-04-06,"Christian Gudegast",8,2018-04-13
128,tt0289043,2018-12-08,2018-12-08,,"28 días después","28 Days Later",https://www.imdb.com/title/tt0289043/,Película,7.5,113,2002,"Drama, Terror, Ciencia ficción, Suspense",533584,2003-07-18,"Danny Boyle",8,2024-03-30
129,tt0448157,2018-12-18,2018-12-18,,"Hancock","Hancock",https://www.imdb.com/title/tt0448157/,Película,6.4,92,2008,"Acción, Comedia, Drama, Fantasía",535439,2008-07-18,"Peter Berg",6,2019-01-12
130,tt1250777,2018-12-18,2018-12-18,,"Kick-Ass: Listo para machacar","Kick-Ass",https://www.imdb.com/title/tt1250777/,Película,7.6,117,2010,"Acción, Comedia, Crimen",617590,2010-06-04,"Matthew Vaughn",6,2019-05-20
131,tt1650554,2018-12-18,2018-12-18,,"Kick Ass 2: Con un par","Kick-Ass 2",https://www.imdb.com/title/tt1650554/,Película,6.5,103,2013,"Acción, Comedia, Crimen, Drama, Suspense",298815,2013-08-30,"Jeff Wadlow",6,2013-12-01
132,tt2955316,2019-01-18,2019-01-18,,"Ocho apellidos vascos","Ocho apellidos vascos",https://www.imdb.com/title/tt2955316/,Película,6.5,98,2014,"Comedia, Romance",19593,2014-03-14,"Emilio Martínez Lázaro",8,2025-01-11
133,tt3626742,2019-01-18,2019-01-18,,"Ocho apellidos catalanes","Ocho apellidos catalanes",https://www.imdb.com/title/tt3626742/,Película,5.4,99,2015,"Comedia, Romance",8470,2015-11-20,"Emilio Martínez Lázaro",7,2020-06-04
134,tt2380307,2019-01-18,2019-01-18,,"Coco","Coco",https://www.imdb.com/title/tt2380307/,Película,8.4,105,2017,"Animación, Aventura, Drama, Familiar, Fantasía, Música, Misterio",691929,2017-12-01,"Lee Unkrich, Adrian Molina",8,2018-04-14
135,tt0071562,2019-02-23,2019-02-23,,"El padrino parte II","The Godfather Part II",https://www.imdb.com/title/tt0071562/,Película,9.0,202,1974,"Crimen, Drama",1476842,1975-10-13,"Francis Ford Coppola",8,2024-10-21
136,tt0099674,2019-02-23,2019-02-23,,"El padrino parte III","The Godfather Part III",https://www.imdb.com/title/tt0099674/,Película,7.5,162,1990,"Crimen, Drama",450402,1991-03-01,"Francis Ford Coppola",,
137,tt1297919,2019-02-23,2019-02-23,,"Blitz","Blitz",https://www.imdb.com/title/tt1297919/,Película,6.1,97,2011,"Acción, Aventura, Crimen, Misterio, Suspense",95797,2011-06-23,"Elliott Lester",6,2012-05-29
138,tt0435761,2019-03-28,2019-03-28,,"Toy Story 3","Toy Story 3",https://www.imdb.com/title/tt0435761/,Película,8.3,103,2010,"Animación, Aventura, Comedia, Familiar, Fantasía",958596,2010-07-23,"Lee Unkrich",8,2020-06-13
139,tt1790809,2019-03-28,2019-03-28,,"Piratas del Caribe: La venganza de Salazar","Pirates of the Caribbean: Dead Men Tell No Tales",https://www.imdb.com/title/tt1790809/,Película,6.5,129,2017,"Acción, Aventura, Fantasía",379549,2017-05-25,"Joachim Rønning, Espen Sandberg",7,2019-04-02
140,tt0099423,2019-03-31,2019-03-31,,"La jungla 2 (Alerta roja)","Die Hard 2",https://www.imdb.com/title/tt0099423/,Película,7.2,124,1990,"Acción, Suspense",404811,1990-09-14,"Renny Harlin",6,2012-04-16
141,tt0112864,2019-03-31,2019-03-31,,"Jungla de cristal: La venganza","Die Hard with a Vengeance",https://www.imdb.com/title/tt0112864/,Película,7.6,128,1995,"Acción, Aventura, Suspense",428241,1995-07-21,"John McTiernan",8,2012-04-16
142,tt0337978,2019-03-31,2019-03-31,,"La jungla 4.0","Live Free or Die Hard",https://www.imdb.com/title/tt0337978/,Película,7.1,128,2007,"Acción, Suspense",434121,2007-09-07,"Len Wiseman",8,2012-04-16
143,tt1606378,2019-03-31,2019-03-31,,"La jungla: Un buen día para morir","A Good Day to Die Hard",https://www.imdb.com/title/tt1606378/,Película,5.2,98,2013,"Acción, Suspense",222216,2013-02-15,"John Moore",6,2018-10-15
144,tt1111422,2019-05-08,2019-05-08,,"Asalto al tren Pelham 1 2 3","The Taking of Pelham 123",https://www.imdb.com/title/tt1111422/,Película,6.4,106,2009,"Acción, Crimen, Suspense",216190,2009-07-24,"Tony Scott",7,2013-01-09
145,tt0970416,2019-05-08,2019-05-08,,"Ultimátum a la Tierra","The Day the Earth Stood Still",https://www.imdb.com/title/tt0970416/,Película,5.5,104,2008,"Aventura, Drama, Ciencia ficción, Suspense",186136,2008-12-12,"Scott Derrickson",6,2019-05-12
146,tt6793580,2019-05-08,2019-05-08,,"Campeones","Campeones",https://www.imdb.com/title/tt6793580/,Película,7.2,124,2018,"Comedia, Drama, Familiar, Deporte",12854,2018-04-06,"Javier Fesser",9,2018-10-22
147,tt1462758,2019-07-24,2019-07-24,,"Buried","Buried",https://www.imdb.com/title/tt1462758/,Película,7.0,95,2010,"Drama, Misterio, Suspense",175406,2010-10-01,"Rodrigo Cortés",8,2023-04-03
148,tt0110475,2019-09-25,2019-09-25,,"La máscara","The Mask",https://www.imdb.com/title/tt0110475/,Película,7.0,101,1994,"Comedia, Crimen, Fantasía",463739,1994-11-25,"Chuck Russell",8,2019-09-25
149,tt1548850,2019-09-25,2019-09-25,,"Misfits","Misfits",https://www.imdb.com/title/tt1548850/,Serie de TV,8.1,60,2009,"Comedia, Drama, Fantasía, Romance, Ciencia ficción",112126,2020-08-01,,6,2019-11-26
150,tt1559549,2019-10-23,2019-10-23,,"Restrepo","Restrepo",https://www.imdb.com/title/tt1559549/,Película,7.4,93,2010,"Documental, Biografía, Historia, Bélico",25052,2010-08-06,"Tim Hetherington, Sebastian Junger",8,2020-07-14
151,tt2109059,2019-10-23,2019-10-23,,"Vietnam. Los archivos perdidos","Vietnam in HD",https://www.imdb.com/title/tt2109059/,Miniserie de TV,8.3,44,2011,"Documental, Historia, Bélico",1792,2011-11-06,,8,2019-11-26
152,tt2861424,2019-10-23,2019-10-23,,"Rick y Morty","Rick and Morty",https://www.imdb.com/title/tt2861424/,Serie de TV,9.0,23,2013,"Animación, Aventura, Comedia, Ciencia ficción",683179,2014-10-25,,10,2021-03-03
153,tt0120815,2019-11-13,2019-11-13,,"Salvar al soldado Ryan","Saving Private Ryan",https://www.imdb.com/title/tt0120815/,Película,8.6,169,1998,"Drama, Bélico",1618778,1998-09-18,"Steven Spielberg",8,2013-04-08
154,tt0351977,2019-11-13,2019-11-13,,"Pisando fuerte","Walking Tall",https://www.imdb.com/title/tt0351977/,Película,6.2,86,2004,"Acción, Crimen",112619,2004-10-22,"Kevin Bray",7,2013-11-08
155,tt0306414,2019-11-27,2019-11-27,,"The Wire (Bajo escucha)","The Wire",https://www.imdb.com/title/tt0306414/,Serie de TV,9.3,60,2002,"Crimen, Drama, Suspense",423498,2007-12-16,,10,2020-09-19
156,tt3766354,2019-11-27,2019-11-27,,"The Equalizer 2","The Equalizer 2",https://www.imdb.com/title/tt3766354/,Película,6.7,121,2018,"Acción, Crimen, Misterio, Suspense",225488,2018-08-10,"Antoine Fuqua",7,2019-12-05
157,tt1727824,2019-11-27,2020-10-25,,"Bohemian Rhapsody","Bohemian Rhapsody",https://www.imdb.com/title/tt1727824/,Película,7.9,134,2018,"Biografía, Drama, Música",638130,2018-10-31,"Bryan Singer",8,2020-10-25
158,tt1431045,2019-11-27,2020-10-25,,"Deadpool","Deadpool",https://www.imdb.com/title/tt1431045/,Película,8.0,108,2016,"Acción, Comedia, Ciencia ficción",1239202,2016-02-19,"Tim Miller",7,2016-04-28
159,tt5463162,2019-11-27,2019-11-27,,"Deadpool 2","Deadpool 2",https://www.imdb.com/title/tt5463162/,Película,7.6,119,2018,"Acción, Aventura, Comedia, Ciencia ficción",735423,2018-05-18,"David Leitch",7,2018-10-08
160,tt0120586,2020-01-29,2020-01-29,,"American History X","American History X",https://www.imdb.com/title/tt0120586/,Película,8.5,119,1998,"Crimen, Drama",1261845,1999-03-19,"Tony Kaye",9,2013-12-30
161,tt5442430,2020-02-10,2020-02-10,,"Life: Vida","Life",https://www.imdb.com/title/tt5442430/,Película,6.6,104,2017,"Terror, Ciencia ficción, Suspense",274519,2017-04-07,"Daniel Espinosa",8,2017-06-20
162,tt0368909,2020-02-10,2020-02-10,,"Ong Bak","Ong-Bak",https://www.imdb.com/title/tt0368909/,Película,7.1,108,2003,"Acción, Crimen, Suspense",81040,2004-12-29,"Prachya Pinkaew",8,2011-03-22
163,tt0183649,2020-02-10,2020-02-10,,"Última llamada","Phone Booth",https://www.imdb.com/title/tt0183649/,Película,7.1,81,2002,"Crimen, Suspense",299984,2003-08-08,"Joel Schumacher",8,2018-10-19
164,tt6966692,2020-06-01,2020-06-01,,"Green Book","Green Book",https://www.imdb.com/title/tt6966692/,Película,8.2,130,2018,"Biografía, Comedia, Drama, Música",670404,2019-02-01,"Peter Farrelly",10,2020-06-13
165,tt4630562,2020-06-01,2020-06-01,,"Fast & Furious 8","The Fate of the Furious",https://www.imdb.com/title/tt4630562/,Película,6.6,136,2017,"Acción, Crimen, Suspense",271389,2017-04-12,"F. Gary Gray",6,2023-04-07
166,tt1068242,2020-08-20,2020-08-20,,"Footloose","Footloose",https://www.imdb.com/title/tt1068242/,Película,5.9,113,2011,"Comedia, Drama, Música, Romance",55086,2011-11-04,"Craig Brewer",7,2013-01-15
167,tt1217613,2020-08-20,2020-08-20,,"Invasión a la Tierra","Battle: Los Angeles",https://www.imdb.com/title/tt1217613/,Película,5.7,116,2011,"Acción, Aventura, Ciencia ficción",189565,2011-04-01,"Jonathan Liebesman",7,2022-09-30
168,tt1355644,2020-08-20,2020-08-20,,"Passengers","Passengers",https://www.imdb.com/title/tt1355644/,Película,7.0,116,2016,"Drama, Romance, Ciencia ficción, Suspense",489500,2016-12-30,"Morten Tyldum",8,2023-01-03
169,tt2883512,2020-08-20,2020-08-20,,"Chef","Chef",https://www.imdb.com/title/tt2883512/,Película,7.3,114,2014,"Aventura, Comedia, Drama",247991,2014-08-08,"Jon Favreau",8,2014-09-07
170,tt10765852,2020-08-31,2020-08-31,,"Metallica & San Francisco Symphony - S&M2","Metallica & San Francisco Symphony - S&M2",https://www.imdb.com/title/tt10765852/,Película,8.6,150,2019,"Documental, Música",1658,2019-11-06,"Wayne Isham",8,2020-12-14
171,tt3774114,2020-09-28,2020-09-28,,"Snowden","Snowden",https://www.imdb.com/title/tt3774114/,Película,7.3,134,2016,"Biografía, Crimen, Drama, Suspense",171430,2016-10-14,"Oliver Stone",8,2016-12-26
172,tt4881806,2020-09-29,2020-09-29,,"Jurassic World: El reino caído","Jurassic World: Fallen Kingdom",https://www.imdb.com/title/tt4881806/,Película,6.1,128,2018,"Acción, Aventura, Ciencia ficción",376054,2018-06-07,"J.A. Bayona",8,2018-09-05
173,tt1038988,2020-11-10,2020-11-10,,"[REC]","[Rec]",https://www.imdb.com/title/tt1038988/,Película,7.4,78,2007,"Terror, Misterio, Suspense",214196,2007-11-23,"Jaume Balagueró, Paco Plaza",7,2012-06-11
174,tt2294449,2020-11-10,2020-11-10,,"Infiltrados en la universidad","22 Jump Street",https://www.imdb.com/title/tt2294449/,Película,7.0,112,2014,"Acción, Comedia, Crimen, Misterio",434678,2014-08-22,"Phil Lord, Christopher Miller",8,2014-10-12
175,tt1677720,2020-11-24,2020-11-24,,"Ready Player One","Ready Player One",https://www.imdb.com/title/tt1677720/,Película,7.4,140,2018,"Acción, Aventura, Ciencia ficción",535125,2018-03-29,"Steven Spielberg",8,2020-12-05
176,tt0102926,2020-11-24,2020-11-24,,"El silencio de los corderos","The Silence of the Lambs",https://www.imdb.com/title/tt0102926/,Película,8.6,118,1991,"Crimen, Drama, Terror, Suspense",1697532,1991-09-06,"Jonathan Demme",9,2011-03-28
177,tt0107688,2020-11-24,2020-11-24,,"Pesadilla antes de Navidad","Tim Burton's the Nightmare Before Christmas",https://www.imdb.com/title/tt0107688/,Película,7.9,76,1993,"Animación, Aventura, Familiar, Fantasía, Musical",408255,1994-12-02,"Henry Selick",8,2022-02-10
178,tt0103639,2020-11-24,2020-11-24,,"Aladdín","Aladdin",https://www.imdb.com/title/tt0103639/,Película,8.0,90,1992,"Animación, Aventura, Comedia, Familiar, Fantasía, Musical, Romance",496276,1993-11-19,"Ron Clements, John Musker",,
179,tt3850214,2020-11-24,2020-11-24,,"Dope","Dope",https://www.imdb.com/title/tt3850214/,Película,7.2,103,2015,"Aventura, Comedia, Crimen, Drama",91492,2015-12-11,"Rick Famuyiwa",7,2015-12-13
180,tt4158110,2020-11-27,2020-11-27,,"Mr. Robot","Mr. Robot",https://www.imdb.com/title/tt4158110/,Serie de TV,8.5,45,2015,"Crimen, Drama, Suspense",459999,2016-05-14,,9,2020-12-14
181,tt9427166,2020-11-27,2020-11-27,,"Padre no hay más que uno","Padre no hay más que uno",https://www.imdb.com/title/tt9427166/,Película,6.0,98,2019,"Comedia, Familiar",3726,2019-08-01,"Santiago Segura",6,2020-02-01
182,tt11506284,2020-11-27,2020-11-27,,"Padre no hay más que uno 2: La llegada de la suegra","Padre no hay más que uno 2: La llegada de la suegra",https://www.imdb.com/title/tt11506284/,Película,5.6,96,2020,"Comedia, Familiar",2194,2020-07-29,"Santiago Segura",6,2020-12-14
183,tt0246578,2020-11-27,2020-11-27,,"Donnie Darko","Donnie Darko",https://www.imdb.com/title/tt0246578/,Película,8.0,113,2001,"Drama, Misterio, Ciencia ficción, Suspense",903076,2002-07-05,"Richard Kelly",8,2018-04-26
184,tt6105098,2020-11-27,2020-11-27,,"El rey león","The Lion King",https://www.imdb.com/title/tt6105098/,Película,6.8,118,2019,"Animación, Aventura, Drama, Familiar, Musical",289333,2019-07-19,"Jon Favreau",9,2019-10-13
185,tt3794354,2020-11-27,2020-11-27,,"Sonic: La película","Sonic the Hedgehog",https://www.imdb.com/title/tt3794354/,Película,6.5,99,2020,"Acción, Aventura, Comedia, Familiar, Fantasía, Ciencia ficción",189316,2020-02-14,"Jeff Fowler",8,2020-03-13
186,tt2333784,2020-11-27,2020-11-27,,"Los mercenarios 3","The Expendables 3",https://www.imdb.com/title/tt2333784/,Película,6.1,126,2014,"Acción, Aventura, Comedia, Crimen, Suspense",204715,2014-08-14,"Patrick Hughes",7,2014-10-27
187,tt1560220,2020-11-27,2020-11-27,,"Zombieland: Mata y remata","Zombieland: Double Tap",https://www.imdb.com/title/tt1560220/,Película,6.7,99,2019,"Acción, Comedia, Terror",222453,2019-10-18,"Ruben Fleischer",7,2020-01-17
188,tt0162222,2020-11-27,2020-11-27,,"Náufrago","Cast Away",https://www.imdb.com/title/tt0162222/,Película,7.8,143,2000,"Aventura, Drama, Romance",682339,2001-01-19,"Robert Zemeckis",9,2017-04-10
189,tt0120382,2020-11-27,2020-11-27,,"El show de Truman","The Truman Show",https://www.imdb.com/title/tt0120382/,Película,8.2,103,1998,"Comedia, Drama",1346408,1998-10-30,"Peter Weir",8,2013-04-07
190,tt0119528,2020-11-27,2020-11-27,,"Mentiroso compulsivo","Liar Liar",https://www.imdb.com/title/tt0119528/,Película,6.9,86,1997,"Comedia, Fantasía",359166,1997-05-09,"Tom Shadyac",7,2020-05-06
191,tt1323594,2021-03-06,2021-03-06,,"Gru: Mi villano favorito","Despicable Me",https://www.imdb.com/title/tt1323594/,Película,7.6,95,2010,"Animación, Aventura, Comedia, Crimen, Familiar, Ciencia ficción",625818,2010-10-08,"Pierre Coffin, Chris Renaud",8,2021-05-15
192,tt1690953,2021-03-06,2021-03-06,,"Gru 2: Mi villano favorito","Despicable Me 2",https://www.imdb.com/title/tt1690953/,Película,7.3,98,2013,"Animación, Aventura, Comedia, Crimen, Familiar, Ciencia ficción",454829,2013-07-05,"Pierre Coffin, Chris Renaud",7,2018-11-08
193,tt2293640,2021-03-06,2021-03-06,,"Los minions","Minions",https://www.imdb.com/title/tt2293640/,Película,6.4,91,2015,"Animación, Aventura, Comedia, Crimen, Familiar, Ciencia ficción",280821,2015-07-03,"Kyle Balda, Pierre Coffin",6,2015-11-11
194,tt2096673,2021-03-06,2021-03-06,,"Del revés (Inside Out)","Inside Out",https://www.imdb.com/title/tt2096673/,Película,8.1,95,2015,"Animación, Aventura, Comedia, Drama, Familiar, Fantasía",900447,2015-07-17,"Pete Docter, Ronnie Del Carmen",7,2021-03-06
195,tt0078788,2021-03-06,2021-03-06,,"Apocalypse Now","Apocalypse Now",https://www.imdb.com/title/tt0078788/,Película,8.4,147,1979,"Drama, Misterio, Bélico",763027,1979-11-07,"Francis Ford Coppola",8,2021-04-17
196,tt0093058,2021-03-06,2021-03-06,,"La chaqueta metálica","Full Metal Jacket",https://www.imdb.com/title/tt0093058/,Película,8.2,116,1987,"Drama, Bélico",842868,1987-07-10,"Stanley Kubrick",7,2022-02-14
197,tt1210042,2021-04-03,2021-04-03,,"Los amos de Brooklyn","Brooklyn's Finest",https://www.imdb.com/title/tt1210042/,Película,6.7,132,2009,"Crimen, Drama, Suspense",68503,2011-09-16,"Antoine Fuqua",8,2021-04-17
198,tt0432021,2021-04-03,2021-04-03,,"Resident Evil: Extinción","Resident Evil: Extinction",https://www.imdb.com/title/tt0432021/,Película,6.2,94,2007,"Acción, Terror, Ciencia ficción",213958,2007-10-31,"Russell Mulcahy",7,2021-04-04
199,tt0433362,2021-04-03,2021-04-03,,"Daybreakers","Daybreakers",https://www.imdb.com/title/tt0433362/,Película,6.4,98,2009,"Acción, Terror, Ciencia ficción, Suspense",140225,2010-02-26,"Michael Spierig, Peter Spierig",6,2021-04-28
200,tt1220634,2021-04-03,2021-04-03,,"Resident Evil: Ultratumba","Resident Evil: Afterlife",https://www.imdb.com/title/tt1220634/,Película,5.8,96,2010,"Acción, Terror, Ciencia ficción",186186,2010-09-10,"Paul W.S. Anderson",6,2021-04-06
201,tt0117705,2021-04-15,2021-04-15,,"Space Jam","Space Jam",https://www.imdb.com/title/tt0117705/,Película,6.5,88,1996,"Animación, Aventura, Comedia, Familiar, Fantasía, Ciencia ficción, Deporte",227765,1997-02-03,"Joe Pytka",7,2021-11-28
202,tt0099785,2021-04-15,2021-04-15,,"Solo en casa","Home Alone",https://www.imdb.com/title/tt0099785/,Película,7.8,103,1990,"Comedia, Familiar",734282,1990-12-21,"Chris Columbus",8,2021-05-01
203,tt1772341,2021-04-15,2021-04-15,,"¡Rompe Ralph!","Wreck-It Ralph",https://www.imdb.com/title/tt1772341/,Película,7.7,101,2012,"Animación, Aventura, Comedia, Familiar, Fantasía, Ciencia ficción, Deporte",492492,2012-12-25,"Rich Moore",8,2013-02-19
204,tt5848272,2021-04-15,2021-04-15,,"Ralph rompe Internet","Ralph Breaks the Internet",https://www.imdb.com/title/tt5848272/,Película,7.0,112,2018,"Animación, Aventura, Comedia, Familiar, Fantasía, Ciencia ficción, Deporte",202444,2018-12-05,"Phil Johnston, Rich Moore",7,2021-04-15
205,tt1798684,2021-05-17,2021-05-17,,"Redención (Southpaw)","Southpaw",https://www.imdb.com/title/tt1798684/,Película,7.3,124,2015,"Acción, Drama, Deporte",275438,2017-03-24,"Antoine Fuqua",8,2017-05-23
206,tt2543164,2021-05-17,2021-05-17,,"La llegada (Arrival)","Arrival",https://www.imdb.com/title/tt2543164/,Película,7.9,116,2016,"Drama, Misterio, Ciencia ficción",849467,2016-11-18,"Denis Villeneuve",8,2021-05-14
207,tt1675434,2021-05-17,2021-05-17,,"Intocable","Intouchables",https://www.imdb.com/title/tt1675434/,Película,8.5,112,2011,"Comedia, Drama",1013606,2012-03-09,"Olivier Nakache, Éric Toledano",9,2021-05-28
208,tt4172430,2021-05-17,2021-05-17,,"13 horas: Los soldados secretos de Bengasi","13 Hours: The Secret Soldiers of Benghazi",https://www.imdb.com/title/tt4172430/,Película,7.3,144,2016,"Acción, Drama, Historia, Suspense, Bélico",177330,2016-02-26,"Michael Bay",8,2020-06-13
209,tt0119174,2021-08-10,2021-08-10,,"The Game","The Game",https://www.imdb.com/title/tt0119174/,Película,7.7,129,1997,"Drama, Misterio, Suspense",465126,1997-12-05,"David Fincher",8,2013-07-02
210,tt2302755,2021-08-12,2021-08-12,,"Objetivo: La Casa Blanca","Olympus Has Fallen",https://www.imdb.com/title/tt2302755/,Película,6.5,119,2013,"Acción, Suspense",304899,2013-05-10,"Antoine Fuqua",7,2021-08-25
211,tt3300542,2021-08-12,2021-08-12,,"Objetivo: Londres","London Has Fallen",https://www.imdb.com/title/tt3300542/,Película,5.9,99,2016,"Acción, Suspense",179154,2016-04-08,"Babak Najafi",,
212,tt0119116,2021-08-12,2021-08-12,,"El quinto elemento","The Fifth Element",https://www.imdb.com/title/tt0119116/,Película,7.6,126,1997,"Acción, Aventura, Ciencia ficción",538986,1997-05-30,"Luc Besson",7,2020-05-28
213,tt1245526,2021-08-12,2021-08-12,,"RED","RED",https://www.imdb.com/title/tt1245526/,Película,7.0,111,2010,"Acción, Comedia, Crimen, Suspense",336783,2011-01-28,"Robert Schwentke",7,2021-08-24
214,tt1821694,2021-08-12,2021-08-12,,"RED 2","RED 2",https://www.imdb.com/title/tt1821694/,Película,6.6,116,2013,"Acción, Comedia, Crimen, Suspense",187674,2013-08-09,"Dean Parisot",7,2022-09-04
215,tt0058461,2021-08-31,2021-08-31,,"Por un puñado de dólares","Per un pugno di dollari",https://www.imdb.com/title/tt0058461/,Película,7.9,99,1964,"Drama, Del oeste",250909,1964-09-12,"Sergio Leone",7,2021-09-29
216,tt0059578,2021-08-31,2021-08-31,,"La muerte tenía un precio","Per qualche dollaro in più",https://www.imdb.com/title/tt0059578/,Película,8.2,132,1965,"Drama, Del oeste",297034,2023-07-01,"Sergio Leone",7,2021-09-29
217,tt0060196,2021-08-31,2021-08-31,,"El bueno, el feo y el malo","Il buono, il brutto, il cattivo",https://www.imdb.com/title/tt0060196/,Película,8.8,182,1966,"Aventura, Drama, Del oeste",882350,1968-08-07,"Sergio Leone",,
218,tt0119822,2021-08-31,2021-08-31,,"Mejor... imposible","As Good as It Gets",https://www.imdb.com/title/tt0119822/,Película,7.7,139,1997,"Comedia, Drama, Romance",335550,1998-02-27,"James L. Brooks",8,2021-09-02
219,tt1663202,2021-09-05,2021-09-05,,"El renacido (The Revenant)","The Revenant",https://www.imdb.com/title/tt1663202/,Película,8.0,156,2015,"Aventura, Drama, Del oeste",937437,2016-02-05,"Alejandro G. Iñárritu",8,2022-01-21
220,tt0375679,2021-12-08,2021-12-08,,"Crash (Colisión)","Crash",https://www.imdb.com/title/tt0375679/,Película,7.7,112,2004,"Crimen, Drama, Suspense",460236,2006-01-13,"Paul Haggis",9,2013-12-28
221,tt5433138,2022-01-25,2022-01-25,,"Fast & Furious 9","F9",https://www.imdb.com/title/tt5433138/,Película,5.2,143,2021,"Acción, Crimen, Suspense",177555,2021-07-02,"Justin Lin",7,2021-08-10
222,tt0093773,2022-01-25,2022-01-25,,"Depredador","Predator",https://www.imdb.com/title/tt0093773/,Película,7.8,107,1987,"Acción, Aventura, Terror, Ciencia ficción",494561,1987-08-20,"John McTiernan",8,2022-01-26
223,tt0100403,2022-01-25,2022-01-25,,"Depredador 2","Predator 2",https://www.imdb.com/title/tt0100403/,Película,6.3,108,1990,"Acción, Terror, Ciencia ficción",199414,1991-06-04,"Stephen Hopkins",6,2022-01-26
224,tt1424381,2022-01-25,2022-01-25,,"Predators","Predators",https://www.imdb.com/title/tt1424381/,Película,6.4,107,2010,"Acción, Aventura, Ciencia ficción, Suspense",260154,2010-08-27,"Nimród Antal",6,2017-05-12
225,tt3829266,2022-01-25,2022-01-25,,"Predator","The Predator",https://www.imdb.com/title/tt3829266/,Película,5.3,107,2018,"Acción, Aventura, Ciencia ficción, Suspense",160635,2018-09-14,"Shane Black",7,2018-11-28
226,tt0995832,2022-03-11,2022-03-11,,"Generation Kill","Generation Kill",https://www.imdb.com/title/tt0995832/,Miniserie de TV,8.4,60,2008,"Drama, Bélico",63769,2008-10-07,,8,2022-09-04
227,tt1121931,2022-04-09,2022-04-09,,"Crank: Alto voltaje","Crank: High Voltage",https://www.imdb.com/title/tt1121931/,Película,6.1,96,2009,"Acción, Suspense",166156,2009-09-18,"Mark Neveldine, Brian Taylor",7,2022-04-09
228,tt0109040,2022-05-20,2022-05-20,,"Ace Ventura: Un detective diferente","Ace Ventura: Pet Detective",https://www.imdb.com/title/tt0109040/,Película,6.9,86,1994,"Comedia",349655,1994-08-05,"Tom Shadyac",8,2013-01-09
229,tt0112281,2022-05-20,2022-05-20,,"Ace Ventura: Operación África","Ace Ventura: When Nature Calls",https://www.imdb.com/title/tt0112281/,Película,6.4,90,1995,"Aventura, Comedia, Crimen",247150,1996-03-28,"Steve Oedekerk",8,2020-11-16
230,tt0113277,2022-06-27,2022-06-27,,"Heat","Heat",https://www.imdb.com/title/tt0113277/,Película,8.3,170,1995,"Acción, Crimen, Drama",789693,1996-02-09,"Michael Mann",8,2022-09-04
231,tt6468322,2022-08-18,2022-08-18,,"La casa de papel","La casa de papel",https://www.imdb.com/title/tt6468322/,Serie de TV,8.2,60,2017,"Acción, Crimen, Drama, Misterio, Suspense",595254,2017-05-02,,7,2025-02-13
232,tt1442449,2022-08-18,2022-08-18,,"Spartacus","Spartacus",https://www.imdb.com/title/tt1442449/,Serie de TV,8.4,60,2010,"Acción, Aventura, Biografía, Drama, Romance",293080,2010-06-03,,8,2025-02-13
233,tt1025100,2022-08-18,2022-08-18,,"Géminis","Gemini Man",https://www.imdb.com/title/tt1025100/,Película,5.7,117,2019,"Acción, Ciencia ficción, Suspense",129970,2019-10-11,"Ang Lee",7,2019-11-24
234,tt0947810,2022-08-18,2022-08-18,,"Green Zone: Distrito protegido","Green Zone",https://www.imdb.com/title/tt0947810/,Película,6.8,115,2010,"Acción, Drama, Suspense, Bélico",147089,2010-03-12,"Paul Greengrass",7,2025-02-13
235,tt2713180,2022-08-18,2022-08-18,,"Corazones de acero","Fury",https://www.imdb.com/title/tt2713180/,Película,7.6,134,2014,"Acción, Drama, Bélico",599797,2015-01-09,"David Ayer",8,2015-01-18
236,tt12412888,2022-09-15,2022-09-15,,"Sonic 2: La película","Sonic the Hedgehog 2",https://www.imdb.com/title/tt12412888/,Película,6.5,122,2022,"Acción, Aventura, Comedia, Familiar, Fantasía, Ciencia ficción",113708,2022-04-01,"Jeff Fowler",8,2022-05-17
237,tt10838180,2022-11-27,2022-11-27,,"Matrix Resurrections","The Matrix Resurrections",https://www.imdb.com/title/tt10838180/,Película,5.6,148,2021,"Acción, Ciencia ficción",300135,2021-12-22,"Lana Wachowski",7,2021-12-28
238,tt7888964,2022-11-27,2022-11-27,,"Nadie","Nobody",https://www.imdb.com/title/tt7888964/,Película,7.4,92,2021,"Acción, Crimen, Drama, Suspense",384668,2021-04-30,"Ilya Naishuller",8,2022-12-03
239,tt6139732,2022-11-27,2022-11-27,,"Aladdín","Aladdin",https://www.imdb.com/title/tt6139732/,Película,6.9,128,2019,"Aventura, Comedia, Familiar, Fantasía, Musical, Romance",311606,2019-05-24,"Guy Ritchie",7,2019-08-23
240,tt3554046,2022-11-27,2022-11-27,,"Space Jam: Nuevas leyendas","Space Jam: A New Legacy",https://www.imdb.com/title/tt3554046/,Película,4.5,115,2021,"Animación, Aventura, Comedia, Familiar, Fantasía, Ciencia ficción, Deporte",85955,2021-07-23,"Malcolm D. Lee",7,2022-11-27
241,tt4425200,2022-11-27,2022-11-27,,"John Wick: Pacto de sangre","John Wick: Chapter 2",https://www.imdb.com/title/tt4425200/,Película,7.4,122,2017,"Acción, Crimen, Suspense",562500,2017-04-21,"Chad Stahelski",8,2020-02-10
242,tt6146586,2022-11-27,2022-11-27,,"John Wick: Capítulo 3 - Parabellum","John Wick: Chapter 3 - Parabellum",https://www.imdb.com/title/tt6146586/,Película,7.4,130,2019,"Acción, Crimen, Drama, Suspense",473355,2019-05-31,"Chad Stahelski",8,2019-09-17
243,tt2381941,2022-12-27,2022-12-27,,"Focus","Focus",https://www.imdb.com/title/tt2381941/,Película,6.6,105,2015,"Comedia, Crimen, Drama, Romance",292720,2015-03-27,"Glenn Ficarra, John Requa",7,2015-05-18
244,tt3032476,2023-01-12,2023-01-12,,"Better Call Saul","Better Call Saul",https://www.imdb.com/title/tt3032476/,Serie de TV,9.0,45,2015,"Crimen, Drama",798485,2015-02-08,,9,2023-01-12
245,tt9764386,2023-01-14,2023-01-14,,"30 Monedas","30 Monedas",https://www.imdb.com/title/tt9764386/,Serie de TV,7.1,60,2020,"Drama, Fantasía, Terror, Misterio, Suspense",12068,2020-11-29,,7,2025-02-13
246,tt1535108,2023-01-14,2023-01-14,,"Elysium","Elysium",https://www.imdb.com/title/tt1535108/,Película,6.6,109,2013,"Acción, Drama, Ciencia ficción, Suspense",488575,2013-08-16,"Neill Blomkamp",7,2023-01-22
247,tt1764234,2023-01-27,2023-01-27,,"Mátalos suavemente","Killing Them Softly",https://www.imdb.com/title/tt1764234/,Película,6.2,97,2012,"Crimen, Drama, Suspense",159398,2012-09-21,"Andrew Dominik",6,2023-02-18
248,tt0840361,2023-01-27,2023-01-27,,"The Town: Ciudad de ladrones","The Town",https://www.imdb.com/title/tt0840361/,Película,7.5,125,2010,"Crimen, Drama, Suspense",442776,2010-10-29,"Ben Affleck",8,2023-02-26
249,tt7959026,2023-01-27,2023-01-27,,"Mula","The Mule",https://www.imdb.com/title/tt7959026/,Película,7.0,116,2018,"Crimen, Drama, Suspense",166963,2019-03-08,"Clint Eastwood",7,2019-03-23
250,tt2080374,2023-01-27,2023-01-27,,"Steve Jobs","Steve Jobs",https://www.imdb.com/title/tt2080374/,Película,7.2,122,2015,"Biografía, Drama",186156,2016-01-01,"Danny Boyle",7,2023-02-23
251,tt10883660,2023-02-20,2023-02-20,,"Antidisturbios","Antidisturbios",https://www.imdb.com/title/tt10883660/,Serie de TV,8.0,306,2020,"Acción, Crimen, Drama, Suspense",5829,2020-10-16,,8,2023-10-27
252,tt1502397,2023-02-20,2023-02-20,,"Bad Boys for Life","Bad Boys for Life",https://www.imdb.com/title/tt1502397/,Película,6.5,124,2020,"Acción, Comedia, Crimen, Suspense",195142,2020-01-17,"Adil El Arbi, Bilall Fallah",7,2023-04-09
253,tt1060277,2023-02-20,2023-02-20,,"Monstruoso","Cloverfield",https://www.imdb.com/title/tt1060277/,Película,7.0,85,2008,"Acción, Terror, Ciencia ficción, Suspense",441067,2008-02-01,"Matt Reeves",7,2023-04-07
254,tt2312718,2023-02-20,2023-02-20,,"El protector (Homefront)","Homefront",https://www.imdb.com/title/tt2312718/,Película,6.5,100,2013,"Acción, Crimen, Suspense",140397,2014-08-01,"Gary Fleder",7,2023-04-28
255,tt2543472,2023-03-12,2023-03-12,,"Wonder","Wonder",https://www.imdb.com/title/tt2543472/,Película,7.9,113,2017,"Drama, Familiar",194214,2017-12-01,"Stephen Chbosky",8,2020-05-22
256,tt1285482,2023-03-25,2023-03-25,,"Dead set: Muerte en directo","Dead Set",https://www.imdb.com/title/tt1285482/,Miniserie de TV,7.5,28,2008,"Drama, Terror, Reality, Ciencia ficción, Suspense",21841,2008-10-27,,8,2023-03-26
257,tt6133466,2023-04-08,2023-04-08,,"La primera purga: La noche de las bestias","The First Purge",https://www.imdb.com/title/tt6133466/,Película,5.2,97,2018,"Acción, Terror, Ciencia ficción, Suspense",77516,2018-07-06,"Gerard McMurray",7,2018-10-10
258,tt1319743,2023-04-08,2023-04-08,,"Ases calientes 2: Baile de asesinos","Smokin' Aces 2: Assassins' Ball",https://www.imdb.com/title/tt1319743/,Vídeo,5.1,86,2010,"Acción, Comedia, Crimen, Suspense",14743,2010-02-25,"P.J. Pesce",6,2023-06-18
259,tt0203009,2023-04-29,2023-04-29,,"Moulin Rouge","Moulin Rouge!",https://www.imdb.com/title/tt0203009/,Película,7.5,127,2001,"Drama, Musical, Romance",312122,2001-10-11,"Baz Luhrmann",7,2023-04-30
260,tt2592614,2023-06-19,2023-06-19,,"Resident Evil: El capítulo final","Resident Evil: The Final Chapter",https://www.imdb.com/title/tt2592614/,Película,5.5,107,2016,"Acción, Terror, Ciencia ficción, Suspense",107092,2017-02-03,"Paul W.S. Anderson",6,2017-04-14
261,tt2911666,2023-07-02,2023-07-02,,"John Wick (Otro día para matar)","John Wick",https://www.imdb.com/title/tt2911666/,Película,7.5,101,2014,"Acción, Crimen, Suspense",815089,2024-10-31,"Chad Stahelski",8,2017-02-18
262,tt1598778,2023-07-08,2023-07-08,,"Contagio","Contagion",https://www.imdb.com/title/tt1598778/,Película,6.8,106,2011,"Drama, Suspense",328764,2011-10-14,"Steven Soderbergh",7,2020-03-30
263,tt1130884,2023-08-20,2023-08-20,,"Shutter Island","Shutter Island",https://www.imdb.com/title/tt1130884/,Película,8.2,138,2010,"Drama, Misterio, Suspense",1615463,2010-02-19,"Martin Scorsese",8,2023-10-02
264,tt1437358,2023-08-20,2023-08-20,,"Mientras duermes","Mientras duermes",https://www.imdb.com/title/tt1437358/,Película,7.2,102,2011,"Crimen, Drama, Suspense",49491,2011-10-14,"Jaume Balagueró",9,2023-09-01
265,tt1630029,2023-09-03,2023-09-03,,"Avatar: El sentido del agua","Avatar: The Way of Water",https://www.imdb.com/title/tt1630029/,Película,7.5,192,2022,"Animación, Acción, Aventura, Fantasía, Ciencia ficción",596147,2022-12-16,"James Cameron",6,2024-02-18
266,tt1992386,2023-09-07,2024-09-01,"Game 6€","Black Lagoon: Roberta's Blood Trail","Black Lagoon: Roberta's Blood Trail",https://www.imdb.com/title/tt1992386/,Miniserie de TV,7.7,34,2010,"Animación, Acción, Aventura, Crimen, Drama, Suspense",4234,2010-06-26,,7,2024-02-18
267,tt3263904,2023-10-20,2023-12-17,"Cex 6€","Sully","Sully",https://www.imdb.com/title/tt3263904/,Película,7.4,96,2016,"Biografía, Drama",319332,2016-11-04,"Clint Eastwood",8,2016-12-26
268,tt1403177,2023-10-27,2023-12-17,"Amazon 10€","Hesher","Hesher",https://www.imdb.com/title/tt1403177/,Película,6.9,106,2010,"Comedia, Drama",55443,2011-06-25,"Spencer Susser",8,2025-11-12
269,tt0332379,2023-11-26,2023-11-26,,"Escuela de rock","School of Rock",https://www.imdb.com/title/tt0332379/,Película,7.2,109,2003,"Comedia, Música",354681,2004-02-27,"Richard Linklater",8,2019-05-13
270,tt6264654,2023-11-27,2023-11-27,,"Free Guy","Free Guy",https://www.imdb.com/title/tt6264654/,Película,7.1,115,2021,"Acción, Aventura, Comedia, Fantasía, Romance, Ciencia ficción",480897,2021-08-18,"Shawn Levy",6,2021-09-30
271,tt0369702,2023-11-28,2023-11-28,,"Mar adentro","Mar adentro",https://www.imdb.com/title/tt0369702/,Película,7.9,126,2004,"Biografía, Drama",88491,2004-09-03,"Alejandro Amenábar",7,2024-10-21
272,tt0477348,2023-11-28,2023-11-28,,"No es país para viejos","No Country for Old Men",https://www.imdb.com/title/tt0477348/,Película,8.2,122,2007,"Crimen, Drama, Suspense",1170016,2008-02-08,"Ethan Coen, Joel Coen",8,2023-12-25
273,tt3833480,2023-11-28,2023-11-28,,"The Outpost","The Outpost",https://www.imdb.com/title/tt3833480/,Película,6.8,123,2019,"Acción, Drama, Historia, Bélico",47111,2020-07-24,"Rod Lurie",8,2020-07-12
274,tt0120863,2023-11-28,2023-11-28,,"La delgada línea roja","The Thin Red Line",https://www.imdb.com/title/tt0120863/,Película,7.6,170,1998,"Drama, Historia, Bélico",211184,1999-02-19,"Terrence Malick",,
275,tt5433140,2023-11-28,2023-11-28,,"Fast & Furious X","Fast X",https://www.imdb.com/title/tt5433140/,Película,5.7,141,2023,"Acción, Aventura, Crimen, Misterio, Suspense",143059,2023-05-19,"Louis Leterrier",8,2023-06-17
276,tt0265086,2023-11-28,2023-11-28,,"Black Hawk derribado","Black Hawk Down",https://www.imdb.com/title/tt0265086/,Película,7.7,144,2001,"Acción, Drama, Historia, Bélico",450518,2002-02-22,"Ridley Scott",8,2022-02-15
277,tt0363547,2023-12-03,2023-12-03,,"Amanecer de los muertos","Dawn of the Dead",https://www.imdb.com/title/tt0363547/,Película,7.2,101,2004,"Acción, Terror",286404,2004-04-23,"Zack Snyder",8,2021-06-17
278,tt0094737,2023-12-07,2023-12-17,"Fnac 12.95€","Big","Big",https://www.imdb.com/title/tt0094737/,Película,7.3,104,1988,"Comedia, Drama, Fantasía, Romance",257581,1988-12-02,"Penny Marshall",8,2021-03-30
279,tt0319061,2023-12-17,2023-12-17,"Cex 5€","Big Fish","Big Fish",https://www.imdb.com/title/tt0319061/,Película,7.9,125,2003,"Aventura, Drama, Fantasía, Romance",476017,2004-03-05,"Tim Burton",7,2025-02-13
280,tt2229499,2024-01-27,2024-01-27,"CEX 4€","Don Jon","Don Jon",https://www.imdb.com/title/tt2229499/,Película,6.5,90,2013,"Comedia, Drama, Romance",254091,2013-10-31,"Joseph Gordon-Levitt",7,2021-10-02
281,tt1591479,2024-03-14,2024-03-14,"Cex 6€","Acto de valor","Act of Valor",https://www.imdb.com/title/tt1591479/,Película,6.4,110,2012,"Acción, Aventura, Suspense, Bélico",73712,2012-06-15,"Mike McCoy, Scott Waugh",7,2024-03-30
282,tt1823672,2024-04-05,2024-04-05,"Cex 12€","Chappie","Chappie",https://www.imdb.com/title/tt1823672/,Película,6.8,120,2015,"Acción, Crimen, Drama, Ciencia ficción, Suspense",282082,2015-03-13,"Neill Blomkamp",8,2024-01-12
283,tt0120804,2024-04-20,2024-04-20,"Cex 8€","Resident Evil","Resident Evil",https://www.imdb.com/title/tt0120804/,Película,6.6,100,2002,"Acción, Terror, Ciencia ficción",306684,2002-06-28,"Paul W.S. Anderson",6,2012-04-04
284,tt21881982,2024-04-21,2024-04-21,"ECI 13.3€","Campeonex","Campeonex",https://www.imdb.com/title/tt21881982/,Película,6.1,125,2023,"Comedia, Deporte",1346,2023-08-18,"Javier Fesser",6,2024-07-28
285,tt9484998,2024-04-24,2024-04-24,"Amazon 12€","Palm Springs","Palm Springs",https://www.imdb.com/title/tt9484998/,Película,7.4,90,2020,"Comedia, Fantasía, Misterio, Romance, Ciencia ficción",210028,2021-01-29,"Max Barbakow",7,2020-07-22
286,tt1853728,2024-06-08,2024-06-08,"Cex 6€","Django desencadenado","Django Unchained",https://www.imdb.com/title/tt1853728/,Película,8.5,165,2012,"Drama, Del oeste",1856889,2013-01-18,"Quentin Tarantino",8,2013-04-07
287,tt0332452,2024-09-01,2024-09-01,"Regalo","Troya","Troy",https://www.imdb.com/title/tt0332452/,Película,7.3,163,2004,"Acción, Aventura, Drama",609231,2004-05-14,"Wolfgang Petersen",,
288,tt5052474,2024-09-01,2024-09-01,"Regalo","Sicario: El día del soldado","Sicario: Day of the Soldado",https://www.imdb.com/title/tt5052474/,Película,7.1,122,2018,"Acción, Crimen, Drama, Misterio, Suspense",188102,2018-06-29,"Stefano Sollima",8,2024-09-24
289,tt0887912,2024-09-04,2024-09-04,"Cex 3€","En tierra hostil","The Hurt Locker",https://www.imdb.com/title/tt0887912/,Película,7.5,131,2008,"Drama, Suspense, Bélico",493190,2010-01-29,"Kathryn Bigelow",7,2022-09-23
290,tt4866712,2024-09-18,2024-09-18,"Cex 5€","El pregón","El pregón",https://www.imdb.com/title/tt4866712/,Película,5.2,75,2016,"Comedia, Musical",1479,2016-03-18,"Dani de la Orden",6,2025-02-13
291,tt1636826,2024-11-30,2024-11-30,"Cex 6€","Project X","Project X",https://www.imdb.com/title/tt1636826/,Película,6.7,88,2012,"Comedia, Suspense",254210,2012-06-08,"Nima Nourizadeh",6,2012-07-08
292,tt5390504,2024-12-23,2024-12-23,"Cex 8€","Detroit","Detroit",https://www.imdb.com/title/tt5390504/,Película,7.3,143,2017,"Crimen, Drama, Historia, Suspense",58600,2017-09-15,"Kathryn Bigelow",7,2025-10-27
293,tt18412256,2025-01-06,2025-01-06,"Regalo reyes","Alien: Romulus","Alien: Romulus",https://www.imdb.com/title/tt18412256/,Película,7.1,119,2024,"Terror, Ciencia ficción, Suspense",278823,2024-08-16,"Fede Alvarez",8,2024-10-28
294,tt0418763,2025-01-18,2025-01-18,"Cex 6€","Jarhead - El infierno espera","Jarhead",https://www.imdb.com/title/tt0418763/,Película,7.0,125,2005,"Biografía, Drama, Bélico",222735,2006-01-05,"Sam Mendes",8,2013-04-28
295,tt0382625,2025-01-18,2025-01-18,"Cex 5€","El código Da Vinci","The Da Vinci Code",https://www.imdb.com/title/tt0382625/,Película,6.6,149,2006,"Misterio, Suspense",482083,2006-05-19,"Ron Howard",6,2023-01-06
296,tt0808151,2025-01-18,2025-01-18,"Cex 5€","Ángeles y demonios","Angels & Demons",https://www.imdb.com/title/tt0808151/,Película,6.7,138,2009,"Misterio, Suspense",323588,2009-05-15,"Ron Howard",7,2025-02-13
297,tt0421715,2025-02-08,2025-02-08,"Cex 4€","El curioso caso de Benjamin Button","The Curious Case of Benjamin Button",https://www.imdb.com/title/tt0421715/,Película,7.8,166,2008,"Drama, Fantasía, Romance",738744,2009-02-06,"David Fincher",,
298,tt18259086,2025-05-30,2025-05-30,"Cex 15€","Sonic 3: La película","Sonic the Hedgehog 3",https://www.imdb.com/title/tt18259086/,Película,6.9,110,2024,"Acción, Aventura, Comedia, Familiar, Fantasía, Ciencia ficción",76476,2024-12-25,"Jeff Fowler",8,2025-02-03
299,tt0475394,2025-05-30,2025-05-30,"Cex 5€","Ases calientes","Smokin' Aces",https://www.imdb.com/title/tt0475394/,Película,6.6,109,2006,"Acción, Comedia, Crimen, Drama, Suspense",156926,2007-02-02,"Joe Carnahan",,
300,tt0360486,2025-07-18,2025-07-18,"Amazon 12.93€","Constantine","Constantine",https://www.imdb.com/title/tt0360486/,Película,7.0,121,2005,"Acción, Fantasía, Terror, Misterio",403436,2005-02-18,"Francis Lawrence",7,2018-10-02
301,tt1855325,2025-07-26,2025-12-19,"Cex","Resident Evil: Venganza","Resident Evil: Retribution",https://www.imdb.com/title/tt1855325/,Película,5.3,95,2012,"Acción, Terror, Ciencia ficción, Suspense",157384,2012-10-05,"Paul W.S. Anderson",7,2013-01-26
302,tt16021642,2025-12-02,2025-12-19,"ECI 14€","Apagón","Apagón",https://www.imdb.com/title/tt16021642/,Serie de TV,6.7,45,2022,"Drama",718,2022-09-29,,7,2025-12-20
303,tt4524056,2025-12-02,2025-12-19,"ECI 30€","Vis a vis","Vis a vis",https://www.imdb.com/title/tt4524056/,Serie de TV,7.8,45,2015,"Crimen, Drama, Suspense",29801,2015-04-20,,,
304,tt0362227,2025-12-02,2025-12-19,"ECI 7.75€","La terminal","The Terminal",https://www.imdb.com/title/tt0362227/,Película,7.4,128,2004,"Comedia, Drama, Romance",529970,2004-09-10,"Steven Spielberg",,
305,tt0120910,2025-12-02,2025-12-19,"ECI 7.75€","Fantasía 2000","Fantasia 2000",https://www.imdb.com/title/tt0120910/,Película,7.1,75,1999,"Animación, Familiar, Fantasía, Música",43655,2000-01-01,"James Algar, Gaëtan Brizzi, Paul Brizzi, Hendel Butoy, Francis Glebas, Eric Goldberg, Don Hahn, Pixote Hunt",,
306,tt14614892,2026-01-18,2026-01-19,"ECI 11.85€","Dragon Ball Super: Super Hero","Doragon boru supa: Supa hiro",https://www.imdb.com/title/tt14614892/,Película,7.1,100,2022,"Animación, Acción, Aventura, Fantasía",18298,2022-08-18,"Tetsuro Kodama",8,2023-01-07
307,tt3720724,2026-01-22,2026-01-22,"ECI 8€","Requisitos para ser una persona normal","Requisitos para ser una persona normal",https://www.imdb.com/title/tt3720724/,Película,6.4,90,2015,"Comedia, Romance",3127,2015-06-04,"Leticia Dolera",6,2018-07-17
308,tt3553976,2026-01-22,2026-01-22,"ECI 9.75€","Captain Fantastic","Captain Fantastic",https://www.imdb.com/title/tt3553976/,Película,7.8,118,2016,"Aventura, Comedia, Drama",248663,2016-09-23,"Matt Ross",8,2018-09-17
